0.0000  0.0000  0.0000
  1.4640  0.0000  0.0000
 1.9160  1.3920  0.0000
  0.7320  2.2530  0.0000
 -0.4520  1.3920  0.0000
 -1.5730  1.7560  0.7280
 -0.6920 -0.9530  0.7280
  2.1560 -0.9530  0.7280
  3.0360  1.7560  0.7280
  0.7320  3.4310  0.7280
  3.3410 -0.5680  1.4980
  3.7680  0.7490  1.4980
  3.0370  3.0020  1.4980
  1.9160  3.8150  1.4980
 -0.4520  3.8150  1.4980
 -1.5730  3.0020  1.4980
 -2.3050  0.7490  1.4980
 -1.8770 -0.5680  1.4980
  0.0400 -1.9600  1.4980
  1.4240 -1.9600  1.4980
 -0.6920 -2.1980  2.7430
 -1.8770 -1.3380  2.7430
  2.1560 -2.1980  2.7430
  3.3410 -1.3380  2.7430
 4.2210  1.3710  2.7430
 3.7680  2.7640  2.7430
 1.4640  4.4380  2.7430
 -0.0000  4.4380  2.7430
 -2.3050  2.7640  2.7430
 -2.7570  1.3710  2.7430
  0.0000 -2.4230  3.9210
  1.4640 -2.4230  3.9210
  3.7680 -0.7490  3.9210
  4.2210  0.6430  3.9210
  3.3410  3.3530  3.9210
  2.1560  4.2130  3.9210
 -1.8770  3.3530  3.9210
 -0.6920  4.2130  3.9210
 -2.3050 -0.7490  3.9210
 -2.7570  0.6430  3.9210
  1.9160 -1.8010  5.1660
 3.0370 -0.9870  5.1660
 -1.5730 -0.9870  5.1660
 -0.4520 -1.8010  5.1660
 -2.3050  1.2660  5.1660
 -1.8770  2.5830  5.1660
  0.0400  3.9750  5.1660
  1.4240  3.9750  5.1660
  3.7680  1.2660  5.1660
  3.3410  2.5830  5.1660
  0.7320 -1.4160  5.9360
 -1.5730  0.2590  5.9360
 -0.6920  2.9680  5.9360
  2.1560  2.9680  5.9360
  3.0360  0.2590  5.9360
  0.0000  2.0150  6.6640
  1.4640  2.0150  6.6640
  1.9160  0.6230  6.6640
  0.7320 -0.2380  6.6640
 -0.4520  0.6230  6.6640